G_diag
1.66287e+06
2.40701e+06
2.40687e+06
2.40687e+06
2.40701e+06
2.49098e+06
2.53679e+06
2.49076e+06
2.5368e+06
2.49076e+06
2.53679e+06
2.49089e+06
2.537e+06
2.48338e+06
2.51749e+06
2.51748e+06
2.48332e+06
2.51756e+06
2.51757e+06
2.48334e+06
2.51751e+06
2.51753e+06
2.4833e+06
2.51795e+06
2.51789e+06
2.46511e+06
2.4937e+06
2.51198e+06
2.49372e+06
2.46516e+06
2.49381e+06
2.51209e+06
2.49381e+06
2.46516e+06
2.49372e+06
2.51205e+06
2.4938e+06
2.46516e+06
2.49383e+06
2.51214e+06
2.49397e+06
2.44241e+06
2.46832e+06
2.49002e+06
2.49003e+06
2.46835e+06
2.44259e+06
2.4685e+06
2.49027e+06
2.49022e+06
2.46839e+06
2.44246e+06
2.46832e+06
2.49006e+06
2.49021e+06
2.46853e+06
2.4425e+06
2.46835e+06
2.49022e+06
2.49018e+06
2.46829e+06
2.41595e+06
2.44049e+06
2.46183e+06
2.46908e+06
2.46181e+06
2.44057e+06
2.4164e+06
2.44073e+06
2.46203e+06
2.46918e+06
2.4619e+06
2.44045e+06
2.41592e+06
2.44042e+06
2.46176e+06
2.46917e+06
2.46201e+06
2.44068e+06
2.41606e+06
2.44049e+06
2.46179e+06
2.46903e+06
2.46176e+06
2.44042e+06
2.38569e+06
2.40954e+06
2.42947e+06
2.43962e+06
2.43961e+06
2.42943e+06
2.41006e+06
2.38614e+06
2.40997e+06
2.42968e+06
2.43969e+06
2.43961e+06
2.42934e+06
2.40946e+06
2.38562e+06
2.40946e+06
2.42934e+06
2.43948e+06
2.4397e+06
2.42973e+06
2.40977e+06
2.38579e+06
2.40958e+06
2.4294e+06
2.43951e+06
2.43948e+06
2.42934e+06
2.40947e+06
2.35141e+06
2.37513e+06
2.39319e+06
2.40436e+06
2.40809e+06
2.40441e+06
2.39371e+06
2.37578e+06
2.35267e+06
2.37571e+06
2.39341e+06
2.40434e+06
2.40796e+06
2.4042e+06
2.39311e+06
2.37501e+06
2.35139e+06
2.37501e+06
2.39311e+06
2.4042e+06
2.40797e+06
2.40436e+06
2.39351e+06
2.37534e+06
2.35157e+06
2.3751e+06
2.39316e+06
2.4042e+06
2.40793e+06
2.4042e+06
2.39311e+06
2.37503e+06
2.31318e+06
2.33681e+06
2.35315e+06
2.36428e+06
2.37e+06
2.37011e+06
2.36461e+06
2.35364e+06
2.33812e+06
2.31446e+06
2.33762e+06
2.3535e+06
2.36431e+06
2.36978e+06
2.36976e+06
2.36415e+06
2.35306e+06
2.33676e+06
2.31306e+06
2.33676e+06
2.35306e+06
2.36415e+06
2.36976e+06
2.36981e+06
2.3644e+06
2.35345e+06
2.3371e+06
2.31316e+06
2.33683e+06
2.3531e+06
2.36415e+06
2.36976e+06
2.36976e+06
2.36415e+06
2.35306e+06
2.33686e+06
2.27065e+06
2.29464e+06
2.30914e+06
2.31977e+06
2.32623e+06
2.32862e+06
2.32636e+06
2.32005e+06
2.30984e+06
2.29546e+06
2.27153e+06
2.29549e+06
2.30953e+06
2.31981e+06
2.32616e+06
2.32828e+06
2.32612e+06
2.31967e+06
2.30905e+06
2.29448e+06
2.27049e+06
2.29448e+06
2.30905e+06
2.31967e+06
2.32612e+06
2.32828e+06
2.32612e+06
2.31988e+06
2.30932e+06
2.2947e+06
2.27054e+06
2.2945e+06
2.30906e+06
2.31967e+06
2.32612e+06
2.32828e+06
2.32612e+06
2.31967e+06
2.30911e+06
2.29455e+06
2.22369e+06
2.24811e+06
2.26108e+06
2.27091e+06
2.27765e+06
2.28103e+06
2.28114e+06
2.27771e+06
2.27087e+06
2.26117e+06
2.24864e+06
2.22407e+06
2.2485e+06
2.26125e+06
2.2709e+06
2.27751e+06
2.28088e+06
2.28085e+06
2.27748e+06
2.2708e+06
2.2609e+06
2.24795e+06
2.22352e+06
2.24795e+06
2.2609e+06
2.2708e+06
2.27748e+06
2.28085e+06
2.28085e+06
2.27748e+06
2.2709e+06
2.26109e+06
2.24817e+06
2.22362e+06
2.24795e+06
2.2609e+06
2.2708e+06
2.27748e+06
2.28085e+06
2.28085e+06
2.27748e+06
2.2708e+06
2.26096e+06
2.2481e+06
2.1721e+06
2.19717e+06
2.2086e+06
2.21764e+06
2.22417e+06
2.22819e+06
2.22947e+06
2.22809e+06
2.22407e+06
2.21753e+06
2.20859e+06
2.19708e+06
2.17207e+06
2.19715e+06
2.20855e+06
2.21754e+06
2.22408e+06
2.22803e+06
2.22933e+06
2.22801e+06
2.22404e+06
2.21748e+06
2.20842e+06
2.19698e+06
2.17198e+06
2.19698e+06
2.20842e+06
2.21748e+06
2.22404e+06
2.22801e+06
2.22933e+06
2.22801e+06
2.22404e+06
2.2175e+06
2.20858e+06
2.19705e+06
2.17212e+06
2.19699e+06
2.20842e+06
2.21748e+06
2.22404e+06
2.22801e+06
2.22933e+06
2.22801e+06
2.22404e+06
2.21749e+06
2.20846e+06
2.19707e+06
2.1158e+06
2.14147e+06
2.15159e+06
2.15975e+06
2.16596e+06
2.17016e+06
2.17229e+06
2.1722e+06
2.17e+06
2.1658e+06
2.15965e+06
2.15149e+06
2.14148e+06
2.11571e+06
2.1414e+06
2.15147e+06
2.15963e+06
2.1658e+06
2.16997e+06
2.17207e+06
2.17207e+06
2.16997e+06
2.1658e+06
2.15959e+06
2.15141e+06
2.14135e+06
2.11571e+06
2.14135e+06
2.15141e+06
2.15959e+06
2.1658e+06
2.16997e+06
2.17207e+06
2.17207e+06
2.16997e+06
2.1658e+06
2.15959e+06
2.15148e+06
2.14151e+06
2.11572e+06
2.14137e+06
2.15143e+06
2.15961e+06
2.16583e+06
2.16997e+06
2.17207e+06
2.17207e+06
2.16997e+06
2.1658e+06
2.15959e+06
2.15144e+06
2.14143e+06
2.05455e+06
2.08098e+06
2.08976e+06
2.09709e+06
2.10284e+06
2.10712e+06
2.10951e+06
2.11025e+06
2.10932e+06
2.10679e+06
2.10266e+06
2.09696e+06
2.0897e+06
2.08088e+06
2.05451e+06
2.08088e+06
2.08967e+06
2.09696e+06
2.1027e+06
2.10681e+06
2.10929e+06
2.11012e+06
2.10929e+06
2.10679e+06
2.10266e+06
2.09693e+06
2.08964e+06
2.08088e+06
2.05451e+06
2.08088e+06
2.08964e+06
2.09693e+06
2.10266e+06
2.10679e+06
2.10929e+06
2.11012e+06
2.10929e+06
2.10679e+06
2.10266e+06
2.09693e+06
2.08964e+06
2.08088e+06
2.05451e+06
2.08101e+06
2.0899e+06
2.097e+06
2.10269e+06
2.10684e+06
2.1093e+06
2.11012e+06
2.10929e+06
2.10679e+06
2.10266e+06
2.09693e+06
2.08967e+06
2.08092e+06
1.66288e+06
2.03484e+06
2.0434e+06
2.05068e+06
2.05656e+06
2.06104e+06
2.06401e+06
2.06544e+06
2.06524e+06
2.06372e+06
2.06076e+06
2.05635e+06
2.05053e+06
2.04333e+06
2.03482e+06
1.66287e+06
2.03482e+06
2.04333e+06
2.05056e+06
2.05638e+06
2.0608e+06
2.06374e+06
2.06521e+06
2.06522e+06
2.06374e+06
2.06077e+06
2.05636e+06
2.05053e+06
2.04333e+06
2.03482e+06
1.66287e+06
2.03482e+06
2.04333e+06
2.05053e+06
2.05635e+06
2.06076e+06
2.06372e+06
2.06521e+06
2.06521e+06
2.06372e+06
2.06076e+06
2.05635e+06
2.05053e+06
2.04333e+06
2.03482e+06
1.66287e+06
2.03503e+06
2.04347e+06
2.05086e+06
2.05642e+06
2.06082e+06
2.06376e+06
2.06525e+06
2.06523e+06
2.06374e+06
2.06076e+06
2.05635e+06
2.05053e+06
2.04334e+06
2.03484e+06
2.05451e+06
2.08089e+06
2.08973e+06
2.0971e+06
2.10297e+06
2.10712e+06
2.10949e+06
2.11016e+06
2.10929e+06
2.10679e+06
2.10266e+06
2.09693e+06
2.08964e+06
2.08088e+06
2.05451e+06
2.08088e+06
2.08964e+06
2.09695e+06
2.1027e+06
2.10681e+06
2.10929e+06
2.11014e+06
2.1093e+06
2.10681e+06
2.10267e+06
2.09693e+06
2.08964e+06
2.08088e+06
2.05451e+06
2.08088e+06
2.08964e+06
2.09693e+06
2.10266e+06
2.10679e+06
2.10929e+06
2.11012e+06
2.10929e+06
2.10679e+06
2.10266e+06
2.09693e+06
2.08964e+06
2.08088e+06
2.05451e+06
2.08105e+06
2.09016e+06
2.09715e+06
2.10273e+06
2.10687e+06
2.10936e+06
2.11022e+06
2.10935e+06
2.10681e+06
2.10266e+06
2.09693e+06
2.08964e+06
2.08088e+06
2.11571e+06
2.14136e+06
2.15158e+06
2.15987e+06
2.16614e+06
2.1702e+06
2.17216e+06
2.17209e+06
2.16997e+06
2.1658e+06
2.15959e+06
2.15141e+06
2.14135e+06
2.11571e+06
2.14135e+06
2.15141e+06
2.15959e+06
2.1658e+06
2.17e+06
2.17211e+06
2.17211e+06
2.17e+06
2.1658e+06
2.15959e+06
2.15141e+06
2.14135e+06
2.11571e+06
2.14135e+06
2.15141e+06
2.15959e+06
2.1658e+06
2.16997e+06
2.17207e+06
2.17207e+06
2.16997e+06
2.1658e+06
2.15959e+06
2.15141e+06
2.14135e+06
2.11571e+06
2.14161e+06
2.15155e+06
2.1601e+06
2.16604e+06
2.1701e+06
2.17225e+06
2.17217e+06
2.17003e+06
2.1658e+06
2.15959e+06
2.15141e+06
2.14135e+06
2.17198e+06
2.19705e+06
2.20868e+06
2.21791e+06
2.2243e+06
2.22814e+06
2.22934e+06
2.22802e+06
2.22404e+06
2.21748e+06
2.20842e+06
2.19698e+06
2.17198e+06
2.19698e+06
2.20842e+06
2.21749e+06
2.2241e+06
2.22809e+06
2.22942e+06
2.22805e+06
2.22407e+06
2.21748e+06
2.20842e+06
2.19698e+06
2.17198e+06
2.19698e+06
2.20842e+06
2.21748e+06
2.22404e+06
2.22801e+06
2.22933e+06
2.22801e+06
2.22404e+06
2.21748e+06
2.20842e+06
2.19698e+06
2.17198e+06
2.1971e+06
2.20891e+06
2.21775e+06
2.22443e+06
2.22816e+06
2.22949e+06
2.22809e+06
2.22404e+06
2.21748e+06
2.20842e+06
2.19698e+06
2.22352e+06
2.24809e+06
2.26117e+06
2.27119e+06
2.27769e+06
2.28087e+06
2.28087e+06
2.27748e+06
2.2708e+06
2.2609e+06
2.24795e+06
2.22352e+06
2.24795e+06
2.26091e+06
2.27085e+06
2.27759e+06
2.28096e+06
2.28095e+06
2.27752e+06
2.27083e+06
2.2609e+06
2.24795e+06
2.22352e+06
2.24795e+06
2.2609e+06
2.2708e+06
2.27748e+06
2.28085e+06
2.28085e+06
2.27748e+06
2.2708e+06
2.2609e+06
2.24795e+06
2.22352e+06
2.24795e+06
2.26117e+06
2.27112e+06
2.2777e+06
2.28096e+06
2.28093e+06
2.27748e+06
2.2708e+06
2.2609e+06
2.24795e+06
2.27049e+06
2.29459e+06
2.30932e+06
2.31982e+06
2.32621e+06
2.32828e+06
2.32612e+06
2.31967e+06
2.30905e+06
2.29448e+06
2.27049e+06
2.29448e+06
2.30907e+06
2.31972e+06
2.32621e+06
2.32835e+06
2.32617e+06
2.3197e+06
2.30906e+06
2.29448e+06
2.27049e+06
2.29448e+06
2.30905e+06
2.31967e+06
2.32612e+06
2.32828e+06
2.32612e+06
2.31967e+06
2.30905e+06
2.29448e+06
2.27049e+06
2.29448e+06
2.30932e+06
2.31993e+06
2.32617e+06
2.32833e+06
2.32612e+06
2.31967e+06
2.30905e+06
2.29448e+06
2.31306e+06
2.33679e+06
2.35319e+06
2.36426e+06
2.36976e+06
2.36976e+06
2.36415e+06
2.35306e+06
2.33676e+06
2.31306e+06
2.33676e+06
2.35307e+06
2.36419e+06
2.36979e+06
2.36985e+06
2.36425e+06
2.35307e+06
2.33676e+06
2.31306e+06
2.33676e+06
2.35306e+06
2.36415e+06
2.36976e+06
2.36976e+06
2.36415e+06
2.35306e+06
2.33676e+06
2.31306e+06
2.33689e+06
2.35319e+06
2.36434e+06
2.36977e+06
2.36976e+06
2.36415e+06
2.35306e+06
2.33676e+06
2.35139e+06
2.37501e+06
2.39311e+06
2.4042e+06
2.40793e+06
2.4042e+06
2.39311e+06
2.37501e+06
2.35139e+06
2.37501e+06
2.39311e+06
2.4042e+06
2.40799e+06
2.40423e+06
2.39317e+06
2.37501e+06
2.35139e+06
2.37501e+06
2.39311e+06
2.4042e+06
2.40793e+06
2.4042e+06
2.39311e+06
2.37501e+06
2.35139e+06
2.37516e+06
2.3933e+06
2.40426e+06
2.40793e+06
2.4042e+06
2.39311e+06
2.37501e+06
2.38562e+06
2.40946e+06
2.42934e+06
2.43948e+06
2.43948e+06
2.42934e+06
2.40946e+06
2.38562e+06
2.40946e+06
2.42934e+06
2.43948e+06
2.43956e+06
2.42939e+06
2.40946e+06
2.38562e+06
2.40946e+06
2.42934e+06
2.43948e+06
2.43948e+06
2.42934e+06
2.40946e+06
2.38562e+06
2.40951e+06
2.42942e+06
2.43948e+06
2.43948e+06
2.42934e+06
2.40946e+06
2.41592e+06
2.44042e+06
2.46176e+06
2.46901e+06
2.46176e+06
2.44042e+06
2.41592e+06
2.44042e+06
2.46176e+06
2.46901e+06
2.46176e+06
2.44042e+06
2.41592e+06
2.44042e+06
2.46176e+06
2.46901e+06
2.46176e+06
2.44042e+06
2.41592e+06
2.44042e+06
2.46176e+06
2.46901e+06
2.46176e+06
2.44042e+06
2.44241e+06
2.46829e+06
2.48998e+06
2.48998e+06
2.46829e+06
2.44241e+06
2.46834e+06
2.49001e+06
2.48998e+06
2.46829e+06
2.44241e+06
2.46829e+06
2.48998e+06
2.48998e+06
2.46829e+06
2.44241e+06
2.46829e+06
2.48998e+06
2.48998e+06
2.46829e+06
2.46519e+06
2.49387e+06
2.51222e+06
2.49403e+06
2.46541e+06
2.49408e+06
2.51231e+06
2.49387e+06
2.46511e+06
2.49368e+06
2.51195e+06
2.49368e+06
2.46511e+06
2.49368e+06
2.51195e+06
2.49372e+06
2.4836e+06
2.5181e+06
2.51826e+06
2.48394e+06
2.51825e+06
2.51788e+06
2.4834e+06
2.5176e+06
2.51768e+06
2.48342e+06
2.51757e+06
2.51767e+06
2.49137e+06
2.53787e+06
2.49197e+06
2.53764e+06
2.49109e+06
2.53703e+06
2.49101e+06
2.53727e+06
2.40778e+06
2.4079e+06
2.40756e+06
2.40745e+06
1.66342e+06
